,ANOC001,ANON001,ANON002,ANOP001,APHA001,BOTH001,CAMP001,CAMP003,CAMP004,CAMP005,CAMP006,CAMP007,CAMP008,CAMP010,CAMP011,CAMP012,CAMP013,CAMP014,CAMP016,CAMP017,CAMP018,CAMP019,CAMP020,CAMP021,CAMP022,CARD001,CARE002,CARE006,CERA001,CERA002,CREM002,CREM003,CREM004,CREM005,CREM006,CREM007,CREM010,CREM011,CREM013,CREM014,CREM015,CREM016,CREM018,DIAC001,DILO001,ECHI001,ECHI002,HYPO002,HYPO003,LEPM001,MONO001,MONO002,MONO003,MONO004,MONO005,ODON002,OECO001,PACH006,PARA001,PARA002,PARA003,PARA005,PARA006,PARA007,PARA010,PHEI001,PHEI002,PHEI004,PHEI007,PHEI013,PHEI014,PHEI018,PHEI024,PHEI025,PHEI026,PHEI030,PHIL001,PHIL002,PHIL003,PODO002,PODO003,POLY001,POLY002,POLY003,POLY004,POLY007,POLY008,POLY009,POLY010,POLY011,POLY014,POLY015,POLY016,POLY017,POLY019,POLY020,POLY021,POLY022,POLY023,POLY029,PSEU001,RHYT002,ROGE001,SOLE004,STRU002,STRU003,STRU005,TAPI001,TAPI002,TAPI003,TECH001,TECH002,TECH003,TECH004,TECH005,TETP001,TETP002,TETP003,TETP004,TETR002,TETR003,TETR006,TETR012,TETR016,TURN001,TURN002,VOLL001
ANOC001,0,0.424043189,0.443980559,0.50758219,0.48182488,0.437683659,0.50701007,0.538891371,0.556681178,0.56024721,0.556095812,0.52546831,0.56779566,0.537379435,0.550818501,0.56854459,0.553189565,0.58249112,0.54490506,0.566553585,0.54739403,0.56943395,0.514154639,0.55083989,0.50033936,0.46013759,0.49231927,0.48030962,0.47559066,0.46950878,0.526989355,0.535316395,0.516779185,0.509485175,0.498177595,0.464181325,0.509811705,0.481334015,0.536618095,0.527620925,0.544470655,0.546737625,0.522109805,0.38839564,0.489681255,0.54339603,0.54241667,0.36572601,0.30922513,0.471495359,0.517445538,0.526741538,0.493980668,0.498551938,0.516751218,0.20509502,0.53156991,0.22053189,0.555684036,0.539049856,0.517408156,0.54170757,0.505630226,0.5273503,0.548753246,0.497867005,0.447463757,0.45082793,0.514245596,0.470853545,0.51279835,0.45166392,0.492559485,0.456485831,0.495644155,0.45555412,0.439179587,0.440221107,0.437213739,0.47448381,0.46221854,0.540998496,0.521239432,0.50673454,0.52470663,0.519926623,0.52757145,0.547604835,0.527151002,0.531204055,0.55435581,0.537871233,0.53824061,0.55490611,0.54921041,0.531814612,0.5536712,0.522139948,0.541011443,0.5363228,0.48794754,0.44499423,0.477726848,0.492051198,0.47932081,0.47911214,0.460385017,0.420489319,0.450499349,0.455344859,0.462152759,0.455080409,0.448102149,0.457988089,0.443932239,0.579871409,0.621641079,0.550239439,0.609327859,0.51494227,0.510333791,0.515156661,0.48543658,0.48275526,0.470465339,0.458654489,0.48944801
ANON001,0.424043189,0,0.08368939,0.313579219,0.287821909,0.18751013,0.313007099,0.3448884,0.362678207,0.366244239,0.362092841,0.331465339,0.373792689,0.343376464,0.35681553,0.374541619,0.359186594,0.388488149,0.350902089,0.372550614,0.353391059,0.375430979,0.320151668,0.356836919,0.306336389,0.266134619,0.298316299,0.286306649,0.281587689,0.275505809,0.332986384,0.341313424,0.322776214,0.315482204,0.304174624,0.270178354,0.315808734,0.287331044,0.342615124,0.333617954,0.350467684,0.352734654,0.328106834,0.425074749,0.295678284,0.349393059,0.348413699,0.373320539,0.316819659,0.22132183,0.323442567,0.332738567,0.299977697,0.304548967,0.322748247,0.404830809,0.337566939,0.331661719,0.361681065,0.345046885,0.323405185,0.347704599,0.311627255,0.333347329,0.354750275,0.303864034,0.253460786,0.256824959,0.320242625,0.276850574,0.318795379,0.257660949,0.298556514,0.26248286,0.301641184,0.261551149,0.132545658,0.133587178,0.13057981,0.280480839,0.268215569,0.346995525,0.327236461,0.312731569,0.330703659,0.325923652,0.333568479,0.353601864,0.333148031,0.337201084,0.360352839,0.343868262,0.344237639,0.360903139,0.355207439,0.337811641,0.359668229,0.328136977,0.347008472,0.342319829,0.293944569,0.250991259,0.283723877,0.298048227,0.285317839,0.285109169,0.266382046,0.17031579,0.20032582,0.20517133,0.21197923,0.20490688,0.19792862,0.20781456,0.19375871,0.37944088,0.42121055,0.34980891,0.40889733,0.320939299,0.31633082,0.32115369,0.291433609,0.288752289,0.16383141,0.15202056,0.295445039
ANON002,0.443980559,0.08368939,0,0.333516589,0.307759279,0.2074475,0.332944469,0.36482577,0.382615577,0.386181609,0.382030211,0.351402709,0.393730059,0.363313834,0.3767529,0.394478989,0.379123964,0.408425519,0.370839459,0.392487984,0.373328429,0.395368349,0.340089038,0.376774289,0.326273759,0.286071989,0.318253669,0.306244019,0.301525059,0.295443179,0.352923754,0.361250794,0.342713584,0.335419574,0.324111994,0.290115724,0.335746104,0.307268414,0.362552494,0.353555324,0.370405054,0.372672024,0.348044204,0.445012119,0.315615654,0.369330429,0.368351069,0.393257909,0.336757029,0.2412592,0.343379937,0.352675937,0.319915067,0.324486337,0.342685617,0.424768179,0.357504309,0.351599089,0.381618435,0.364984255,0.343342555,0.367641969,0.331564625,0.353284699,0.374687645,0.323801404,0.273398156,0.276762329,0.340179995,0.296787944,0.338732749,0.277598319,0.318493884,0.28242023,0.321578554,0.281488519,0.152483028,0.153524548,0.15051718,0.300418209,0.288152939,0.366932895,0.347173831,0.332668939,0.350641029,0.345861022,0.353505849,0.373539234,0.353085401,0.357138454,0.380290209,0.363805632,0.364175009,0.380840509,0.375144809,0.357749011,0.379605599,0.348074347,0.366945842,0.362257199,0.313881939,0.270928629,0.303661247,0.317985597,0.305255209,0.305046539,0.286319416,0.19025316,0.22026319,0.2251087,0.2319166,0.22484425,0.21786599,0.22775193,0.21369608,0.39937825,0.44114792,0.36974628,0.4288347,0.340876669,0.33626819,0.34109106,0.311370979,0.308689659,0.18376878,0.17195793,0.315382409
ANOP001,0.50758219,0.313579219,0.333516589,0,0.34063193,0.327219689,0.24899184,0.280873141,0.298662948,0.30222898,0.298077582,0.26745008,0.30977743,0.279361205,0.292800271,0.31052636,0.295171335,0.32447289,0.28688683,0.308535355,0.2893758,0.31141572,0.256136409,0.29282166,0.24232113,0.31894464,0.35112632,0.33911667,0.34104163,0.33495975,0.385796405,0.394123445,0.375586235,0.368292225,0.356984645,0.322988375,0.368618755,0.340141065,0.395425145,0.386427975,0.403277705,0.405544675,0.380916855,0.50861375,0.348488305,0.2853778,0.28439844,0.45685954,0.40035866,0.361031389,0.376252588,0.385548588,0.352787718,0.357358988,0.375558268,0.48836981,0.27355168,0.41520072,0.259292846,0.242658666,0.221016966,0.24531638,0.209239036,0.23095911,0.252362056,0.356674055,0.306270807,0.30963498,0.373052646,0.329660595,0.3716054,0.31047097,0.351366535,0.315292881,0.354451205,0.31436117,0.328715617,0.329757137,0.326749769,0.33329086,0.32102559,0.282980266,0.263221202,0.24871631,0.2666884,0.261908393,0.26955322,0.289586605,0.269132772,0.273185825,0.29633758,0.279853003,0.28022238,0.29688788,0.29119218,0.273796382,0.29565297,0.264121718,0.282993213,0.27830457,0.19155635,0.26916876,0.336533898,0.350858248,0.33812786,0.33791919,0.319192067,0.310025349,0.340035379,0.344880889,0.351688789,0.344616439,0.337638179,0.347524119,0.333468269,0.469407439,0.511177109,0.439775469,0.498863889,0.37374932,0.369140841,0.373963711,0.34424363,0.34156231,0.360001369,0.348190519,0.34825506
APHA001,0.48182488,0.287821909,0.307759279,0.34063193,0,0.301462379,0.34005981,0.371941111,0.389730918,0.39329695,0.389145552,0.35851805,0.4008454,0.370429175,0.383868241,0.40159433,0.386239305,0.41554086,0.3779548,0.399603325,0.38044377,0.40248369,0.347204379,0.38388963,0.3333891,0.25009011,0.28227179,0.27026214,0.31528432,0.30920244,0.316941875,0.325268915,0.306731705,0.299437695,0.288130115,0.254133845,0.299764225,0.271286535,0.326570615,0.317573445,0.334423175,0.336690145,0.312062325,0.48285644,0.279633775,0.37644577,0.37546641,0.43110223,0.37460135,0.335274079,0.307398058,0.316694058,0.283933188,0.288504458,0.306703738,0.4626125,0.36461965,0.38944341,0.388733776,0.372099596,0.350457896,0.37475731,0.338679966,0.36040004,0.381802986,0.287819525,0.237416277,0.24078045,0.304198116,0.260806065,0.30275087,0.24161644,0.282512005,0.246438351,0.285596675,0.24550664,0.302958307,0.303999827,0.300992459,0.26443633,0.25217106,0.374048236,0.354289172,0.33978428,0.35775637,0.352976363,0.36062119,0.380654575,0.360200742,0.364253795,0.38740555,0.370920973,0.37129035,0.38795585,0.38226015,0.364864352,0.38672094,0.355189688,0.374061183,0.36937254,0.32099728,0.27804397,0.267679368,0.282003718,0.26927333,0.26906466,0.250337537,0.284268039,0.314278069,0.319123579,0.325931479,0.318859129,0.311880869,0.321766809,0.307710959,0.443650129,0.485419799,0.414018159,0.473106579,0.30489479,0.300286311,0.305109181,0.2753891,0.27270778,0.334244059,0.322433209,0.27940053
BOTH001,0.437683659,0.18751013,0.2074475,0.327219689,0.301462379,0,0.326647569,0.35852887,0.376318677,0.379884709,0.375733311,0.345105809,0.387433159,0.357016934,0.370456,0.388182089,0.372827064,0.402128619,0.364542559,0.386191084,0.367031529,0.389071449,0.333792138,0.370477389,0.319976859,0.279775089,0.311956769,0.299947119,0.295228159,0.289146279,0.346626854,0.354953894,0.336416684,0.329122674,0.317815094,0.283818824,0.329449204,0.300971514,0.356255594,0.347258424,0.364108154,0.366375124,0.341747304,0.438715219,0.309318754,0.363033529,0.362054169,0.386961009,0.330460129,0.2349623,0.337083037,0.346379037,0.313618167,0.318189437,0.336388717,0.418471279,0.351207409,0.345302189,0.375321535,0.358687355,0.337045655,0.361345069,0.325267725,0.346987799,0.368390745,0.317504504,0.267101256,0.270465429,0.333883095,0.290491044,0.332435849,0.271301419,0.312196984,0.27612333,0.315281654,0.275191619,0.202646528,0.203688048,0.20068068,0.294121309,0.281856039,0.360635995,0.340876931,0.326372039,0.344344129,0.339564122,0.347208949,0.367242334,0.346788501,0.350841554,0.373993309,0.357508732,0.357878109,0.374543609,0.368847909,0.351452111,0.373308699,0.341777447,0.360648942,0.355960299,0.307585039,0.264631729,0.297364347,0.311688697,0.298958309,0.298749639,0.280022516,0.18395626,0.21396629,0.2188118,0.2256197,0.21854735,0.21156909,0.22145503,0.20739918,0.39308135,0.43485102,0.36344938,0.4225378,0.334579769,0.32997129,0.33479416,0.305074079,0.302392759,0.23393228,0.22212143,0.309085509
CAMP001,0.50701007,0.313007099,0.332944469,0.24899184,0.34005981,0.326647569,0,0.191429001,0.138175008,0.14174104,0.137589642,0.17800594,0.14928949,0.118873265,0.203356131,0.22108222,0.134683395,0.16398495,0.19744269,0.148047415,0.19993166,0.15092778,0.166692269,0.20337752,0.15287699,0.31837252,0.3505542,0.33854455,0.34046951,0.33438763,0.385224285,0.393551325,0.375014115,0.367720105,0.356412525,0.322416255,0.368046635,0.339568945,0.394853025,0.385855855,0.402705585,0.404972555,0.380344735,0.50804163,0.347916185,0.19593366,0.1949543,0.45628742,0.39978654,0.360459269,0.375680468,0.384976468,0.352215598,0.356786868,0.374986148,0.48779769,0.24776576,0.4146286,0.297093686,0.280459506,0.258817806,0.28311722,0.247039876,0.26875995,0.290162896,0.356101935,0.305698687,0.30906286,0.372480526,0.329088475,0.37103328,0.30989885,0.350794415,0.314720761,0.353879085,0.31378905,0.328143497,0.329185017,0.326177649,0.33271874,0.32045347,0.193536126,0.173777062,0.15927217,0.17724426,0.172464253,0.18010908,0.200142465,0.179688632,0.183741685,0.20689344,0.190408863,0.19077824,0.20744374,0.20174804,0.184352242,0.20620883,0.174677578,0.193549073,0.18886043,0.22935719,0.26859664,0.335961778,0.350286128,0.33755574,0.33734707,0.318619947,0.309453229,0.339463259,0.344308769,0.351116669,0.344044319,0.337066059,0.346951999,0.332896149,0.468835319,0.510604989,0.439203349,0.498291769,0.3731772,0.368568721,0.373391591,0.34367151,0.34099019,0.359429249,0.347618399,0.34768294
CAMP003,0.538891371,0.3448884,0.36482577,0.280873141,0.371941111,0.35852887,0.191429001,0,0.241100109,0.244666141,0.240514743,0.056743221,0.252214591,0.221798366,0.05179267,0.182680281,0.237608496,0.266910051,0.159040751,0.250972516,0.161529721,0.253852881,0.030227348,0.164975581,0.068218571,0.350253821,0.382435501,0.370425851,0.372350811,0.366268931,0.417105586,0.425432626,0.406895416,0.399601406,0.388293826,0.354297556,0.399927936,0.371450246,0.426734326,0.417737156,0.434586886,0.436853856,0.412226036,0.539922931,0.379797486,0.157531721,0.156552361,0.488168721,0.431667841,0.39234057,0.407561769,0.416857769,0.384096899,0.388668169,0.406867449,0.519678991,0.279647061,0.446509901,0.328974987,0.312340807,0.290699107,0.314998521,0.278921177,0.300641251,0.322044197,0.387983236,0.337579988,0.340944161,0.404361827,0.360969776,0.402914581,0.341780151,0.382675716,0.346602062,0.385760386,0.345670351,0.360024798,0.361066318,0.35805895,0.364600041,0.352334771,0.191318627,0.171559563,0.157054671,0.175026761,0.170246754,0.177891581,0.197924966,0.177471133,0.181524186,0.204675941,0.188191364,0.188560741,0.205226241,0.199530541,0.182134743,0.203991331,0.172460079,0.191331574,0.186642931,0.261238491,0.300477941,0.367843079,0.382167429,0.369437041,0.369228371,0.350501248,0.34133453,0.37134456,0.37619007,0.38299797,0.37592562,0.36894736,0.3788333,0.36477745,0.50071662,0.54248629,0.47108465,0.53017307,0.405058501,0.400450022,0.405272892,0.375552811,0.372871491,0.39131055,0.3794997,0.379564241
CAMP004,0.556681178,0.362678207,0.382615577,0.298662948,0.389730918,0.376318677,0.138175008,0.241100109,0,0.055466628,0.001626722,0.227677048,0.112740718,0.082324493,0.253027239,0.270753328,0.098134623,0.127436178,0.247113798,0.111498643,0.249602768,0.030246908,0.216363377,0.253048628,0.202548098,0.368043628,0.400225308,0.388215658,0.390140618,0.384058738,0.434895393,0.443222433,0.424685223,0.417391213,0.406083633,0.372087363,0.417717743,0.389240053,0.444524133,0.435526963,0.452376693,0.454643663,0.430015843,0.557712738,0.397587293,0.245604768,0.244625408,0.505958528,0.449457648,0.410130377,0.425351576,0.434647576,0.401886706,0.406457976,0.424657256,0.537468798,0.297436868,0.464299708,0.346764794,0.330130614,0.308488914,0.332788328,0.296710984,0.318431058,0.339834004,0.405773043,0.355369795,0.358733968,0.422151634,0.378759583,0.420704388,0.359569958,0.400465523,0.364391869,0.403550193,0.363460158,0.377814605,0.378856125,0.375848757,0.382389848,0.370124578,0.243207234,0.22344817,0.208943278,0.226915368,0.222135361,0.229780188,0.249813573,0.22935974,0.233412793,0.256564548,0.240079971,0.240449348,0.257114848,0.251419148,0.23402335,0.255879938,0.224348686,0.243220181,0.238531538,0.279028298,0.318267748,0.385632886,0.399957236,0.387226848,0.387018178,0.368291055,0.359124337,0.389134367,0.393979877,0.400787777,0.393715427,0.386737167,0.396623107,0.382567257,0.518506427,0.560276097,0.488874457,0.547962877,0.422848308,0.418239829,0.423062699,0.393342618,0.390661298,0.409100357,0.397289507,0.397354048
CAMP005,0.56024721,0.366244239,0.386181609,0.30222898,0.39329695,0.379884709,0.14174104,0.244666141,0.055466628,0,0.054881262,0.23124308,0.11630675,0.085890525,0.256593271,0.27431936,0.101700655,0.13100221,0.25067983,0.115064675,0.2531688,0.0682194,0.219929409,0.25661466,0.20611413,0.37160966,0.40379134,0.39178169,0.39370665,0.38762477,0.438461425,0.446788465,0.428251255,0.420957245,0.409649665,0.375653395,0.421283775,0.392806085,0.448090165,0.439092995,0.455942725,0.458209695,0.433581875,0.56127877,0.401153325,0.2491708,0.24819144,0.50952456,0.45302368,0.413696409,0.428917608,0.438213608,0.405452738,0.410024008,0.428223288,0.54103483,0.3010029,0.46786574,0.350330826,0.333696646,0.312054946,0.33635436,0.300277016,0.32199709,0.343400036,0.409339075,0.358935827,0.3623,0.425717666,0.382325615,0.42427042,0.36313599,0.404031555,0.367957901,0.407116225,0.36702619,0.381380637,0.382422157,0.379414789,0.38595588,0.37369061,0.246773266,0.227014202,0.21250931,0.2304814,0.225701393,0.23334622,0.253379605,0.232925772,0.236978825,0.26013058,0.243646003,0.24401538,0.26068088,0.25498518,0.237589382,0.25944597,0.227914718,0.246786213,0.24209757,0.28259433,0.32183378,0.389198918,0.403523268,0.39079288,0.39058421,0.371857087,0.362690369,0.392700399,0.397545909,0.404353809,0.397281459,0.390303199,0.400189139,0.386133289,0.522072459,0.563842129,0.492440489,0.551528909,0.42641434,0.421805861,0.426628731,0.39690865,0.39422733,0.412666389,0.400855539,0.40092008
CAMP006,0.556095812,0.362092841,0.382030211,0.298077582,0.389145552,0.375733311,0.137589642,0.240514743,0.001626722,0.054881262,0,0.227091682,0.112155352,0.081739127,0.252441873,0.270167962,0.097549257,0.126850812,0.246528432,0.110913277,0.249017402,0.029661542,0.215778011,0.252463262,0.201962732,0.367458262,0.399639942,0.387630292,0.389555252,0.383473372,0.434310027,0.442637067,0.424099857,0.416805847,0.405498267,0.371501997,0.417132377,0.388654687,0.443938767,0.434941597,0.451791327,0.454058297,0.429430477,0.557127372,0.397001927,0.245019402,0.244040042,0.505373162,0.448872282,0.409545011,0.42476621,0.43406221,0.40130134,0.40587261,0.42407189,0.536883432,0.296851502,0.463714342,0.346179428,0.329545248,0.307903548,0.332202962,0.296125618,0.317845692,0.339248638,0.405187677,0.354784429,0.358148602,0.421566268,0.378174217,0.420119022,0.358984592,0.399880157,0.363806503,0.402964827,0.362874792,0.377229239,0.378270759,0.375263391,0.381804482,0.369539212,0.242621868,0.222862804,0.208357912,0.226330002,0.221549995,0.229194822,0.249228207,0.228774374,0.232827427,0.255979182,0.239494605,0.239863982,0.256529482,0.250833782,0.233437984,0.255294572,0.22376332,0.242634815,0.237946172,0.278442932,0.317682382,0.38504752,0.39937187,0.386641482,0.386432812,0.367705689,0.358538971,0.388549001,0.393394511,0.400202411,0.393130061,0.386151801,0.396037741,0.381981891,0.517921061,0.559690731,0.488289091,0.547377511,0.422262942,0.417654463,0.422477333,0.392757252,0.390075932,0.408514991,0.396704141,0.396768682
CAMP007,0.52546831,0.331465339,0.351402709,0.26745008,0.35851805,0.345105809,0.17800594,0.056743221,0.227677048,0.23124308,0.227091682,0,0.23879153,0.208375305,0.068670351,0.16925722,0.224185435,0.25348699,0.14561769,0.237549455,0.14810666,0.24042982,0.032006489,0.15155252,0.05479551,0.33683076,0.36901244,0.35700279,0.35892775,0.35284587,0.403682525,0.412009565,0.393472355,0.386178345,0.374870765,0.340874495,0.386504875,0.358027185,0.413311265,0.404314095,0.421163825,0.423430795,0.398802975,0.52649987,0.366374425,0.14410866,0.1431293,0.47474566,0.41824478,0.378917509,0.394138708,0.403434708,0.370673838,0.375245108,0.393444388,0.50625593,0.266224,0.43308684,0.315551926,0.298917746,0.277276046,0.30157546,0.265498116,0.28721819,0.308621136,0.374560175,0.324156927,0.3275211,0.390938766,0.347546715,0.38949152,0.32835709,0.369252655,0.333179001,0.372337325,0.33224729,0.346601737,0.347643257,0.344635889,0.35117698,0.33891171,0.177895566,0.158136502,0.14363161,0.1616037,0.156823693,0.16446852,0.184501905,0.164048072,0.168101125,0.19125288,0.174768303,0.17513768,0.19180318,0.18610748,0.168711682,0.19056827,0.159037018,0.177908513,0.17321987,0.24781543,0.28705488,0.354420018,0.368744368,0.35601398,0.35580531,0.337078187,0.327911469,0.357921499,0.362767009,0.369574909,0.362502559,0.355524299,0.365410239,0.351354389,0.487293559,0.529063229,0.457661589,0.516750009,0.39163544,0.387026961,0.391849831,0.36212975,0.35944843,0.377887489,0.366076639,0.36614118
CAMP008,0.56779566,0.373792689,0.393730059,0.30977743,0.4008454,0.387433159,0.14928949,0.252214591,0.112740718,0.11630675,0.112155352,0.23879153,0,0.093438975,0.264141721,0.28186781,0.109249105,0.04912748,0.25822828,0.122613125,0.26071725,0.12549349,0.227477859,0.26416311,0.21366258,0.37915811,0.41133979,0.39933014,0.4012551,0.39517322,0.446009875,0.454336915,0.435799705,0.428505695,0.417198115,0.383201845,0.428832225,0.400354535,0.455638615,0.446641445,0.463491175,0.465758145,0.441130325,0.56882722,0.408701775,0.25671925,0.25573989,0.51707301,0.46057213,0.421244859,0.436466058,0.445762058,0.413001188,0.417572458,0.435771738,0.54858328,0.30855135,0.47541419,0.357879276,0.341245096,0.319603396,0.34390281,0.307825466,0.32954554,0.350948486,0.416887525,0.366484277,0.36984845,0.433266116,0.389874065,0.43181887,0.37068444,0.411580005,0.375506351,0.414664675,0.37457464,0.388929087,0.389970607,0.386963239,0.39350433,0.38123906,0.254321716,0.234562652,0.22005776,0.23802985,0.233249843,0.24089467,0.260928055,0.240474222,0.244527275,0.26767903,0.251194453,0.25156383,0.26822933,0.26253363,0.245137832,0.26699442,0.235463168,0.254334663,0.24964602,0.29014278,0.32938223,0.396747368,0.411071718,0.39834133,0.39813266,0.379405537,0.370238819,0.400248849,0.405094359,0.411902259,0.404829909,0.397851649,0.407737589,0.393681739,0.529620909,0.571390579,0.499988939,0.559077359,0.43396279,0.429354311,0.434177181,0.4044571,0.40177578,0.420214839,0.408403989,0.40846853
CAMP010,0.537379435,0.343376464,0.363313834,0.279361205,0.370429175,0.357016934,0.118873265,0.221798366,0.082324493,0.085890525,0.081739127,0.208375305,0.093438975,0,0.233725496,0.251451585,0.06202613,0.108134435,0.227812055,0.07539015,0.230301025,0.095077265,0.197061634,0.233746885,0.183246355,0.348741885,0.380923565,0.368913915,0.370838875,0.364756995,0.41559365,0.42392069,0.40538348,0.39808947,0.38678189,0.35278562,0.398416,0.36993831,0.42522239,0.41622522,0.43307495,0.43534192,0.4107141,0.538410995,0.37828555,0.226303025,0.225323665,0.486656785,0.430155905,0.390828634,0.406049833,0.415345833,0.382584963,0.387156233,0.405355513,0.518167055,0.278135125,0.444997965,0.327463051,0.310828871,0.289187171,0.313486585,0.277409241,0.299129315,0.320532261,0.3864713,0.336068052,0.339432225,0.402849891,0.35945784,0.401402645,0.340268215,0.38116378,0.345090126,0.38424845,0.344158415,0.358512862,0.359554382,0.356547014,0.363088105,0.350822835,0.223905491,0.204146427,0.189641535,0.207613625,0.202833618,0.210478445,0.23051183,0.210057997,0.21411105,0.237262805,0.220778228,0.221147605,0.237813105,0.232117405,0.214721607,0.236578195,0.205046943,0.223918438,0.219229795,0.259726555,0.298966005,0.366331143,0.380655493,0.367925105,0.367716435,0.348989312,0.339822594,0.369832624,0.374678134,0.381486034,0.374413684,0.367435424,0.377321364,0.363265514,0.499204684,0.540974354,0.469572714,0.528661134,0.403546565,0.398938086,0.403760956,0.374040875,0.371359555,0.389798614,0.377987764,0.378052305
CAMP011,0.550818501,0.35681553,0.3767529,0.292800271,0.383868241,0.370456,0.203356131,0.05179267,0.253027239,0.256593271,0.252441873,0.068670351,0.264141721,0.233725496,0,0.194607411,0.249535626,0.278837181,0.170967881,0.262899646,0.173456851,0.265780011,0.042154478,0.176902711,0.080145701,0.362180951,0.394362631,0.382352981,0.384277941,0.378196061,0.429032716,0.437359756,0.418822546,0.411528536,0.400220956,0.366224686,0.411855066,0.383377376,0.438661456,0.429664286,0.446514016,0.448780986,0.424153166,0.551850061,0.391724616,0.169458851,0.168479491,0.500095851,0.443594971,0.4042677,0.419488899,0.428784899,0.396024029,0.400595299,0.418794579,0.531606121,0.291574191,0.458437031,0.340902117,0.324267937,0.302626237,0.326925651,0.290848307,0.312568381,0.333971327,0.399910366,0.349507118,0.352871291,0.416288957,0.372896906,0.414841711,0.353707281,0.394602846,0.358529192,0.397687516,0.357597481,0.371951928,0.372993448,0.36998608,0.376527171,0.364261901,0.203245757,0.183486693,0.168981801,0.186953891,0.182173884,0.189818711,0.209852096,0.189398263,0.193451316,0.216603071,0.200118494,0.200487871,0.217153371,0.211457671,0.194061873,0.215918461,0.184387209,0.203258704,0.198570061,0.273165621,0.312405071,0.379770209,0.394094559,0.381364171,0.381155501,0.362428378,0.35326166,0.38327169,0.3881172,0.3949251,0.38785275,0.38087449,0.39076043,0.37670458,0.51264375,0.55441342,0.48301178,0.5421002,0.416985631,0.412377152,0.417200022,0.387479941,0.384798621,0.40323768,0.39142683,0.391491371
CAMP012,0.56854459,0.374541619,0.394478989,0.31052636,0.40159433,0.388182089,0.22108222,0.182680281,0.270753328,0.27431936,0.270167962,0.16925722,0.28186781,0.251451585,0.194607411,0,0.267261715,0.29656327,0.11897855,0.280625735,0.09190504,0.2835061,0.157943549,0.1707686,0.14412827,0.37990704,0.41208872,0.40007907,0.40200403,0.39592215,0.446758805,0.455085845,0.436548635,0.429254625,0.417947045,0.383950775,0.429581155,0.401103465,0.456387545,0.447390375,0.464240105,0.466507075,0.441879255,0.56957615,0.409450705,0.16332474,0.16234538,0.51782194,0.46132106,0.421993789,0.437214988,0.446510988,0.413750118,0.418321388,0.436520668,0.54933221,0.30930028,0.47616312,0.358628206,0.341994026,0.320352326,0.34465174,0.308574396,0.33029447,0.351697416,0.417636455,0.367233207,0.37059738,0.434015046,0.390622995,0.4325678,0.37143337,0.412328935,0.376255281,0.415413605,0.37532357,0.389678017,0.390719537,0.387712169,0.39425326,0.38198799,0.220971846,0.201212782,0.18670789,0.20467998,0.199899973,0.2075448,0.227578185,0.207124352,0.211177405,0.23432916,0.217844583,0.21821396,0.23487946,0.22918376,0.211787962,0.23364455,0.202113298,0.220984793,0.21629615,0.29089171,0.33013116,0.397496298,0.411820648,0.39909026,0.39888159,0.380154467,0.370987749,0.400997779,0.405843289,0.412651189,0.405578839,0.398600579,0.408486519,0.394430669,0.530369839,0.572139509,0.500737869,0.559826289,0.43471172,0.430103241,0.434926111,0.40520603,0.40252471,0.420963769,0.409152919,0.40921746
CAMP013,0.553189565,0.359186594,0.379123964,0.295171335,0.386239305,0.372827064,0.134683395,0.237608496,0.098134623,0.101700655,0.097549257,0.224185435,0.109249105,0.06202613,0.249535626,0.267261715,0,0.123944565,0.243622185,0.07010408,0.246111155,0.110887395,0.212871764,0.249557015,0.199056485,0.364552015,0.396733695,0.384724045,0.386649005,0.380567125,0.43140378,0.43973082,0.42119361,0.4138996,0.40259202,0.36859575,0.41422613,0.38574844,0.44103252,0.43203535,0.44888508,0.45115205,0.42652423,0.554221125,0.39409568,0.242113155,0.241133795,0.502466915,0.445966035,0.406638764,0.421859963,0.431155963,0.398395093,0.402966363,0.421165643,0.533977185,0.293945255,0.460808095,0.343273181,0.326639001,0.304997301,0.329296715,0.293219371,0.314939445,0.336342391,0.40228143,0.351878182,0.355242355,0.418660021,0.37526797,0.417212775,0.356078345,0.39697391,0.360900256,0.40005858,0.359968545,0.374322992,0.375364512,0.372357144,0.378898235,0.366632965,0.239715621,0.219956557,0.205451665,0.223423755,0.218643748,0.226288575,0.24632196,0.225868127,0.22992118,0.253072935,0.236588358,0.236957735,0.253623235,0.247927535,0.230531737,0.252388325,0.220857073,0.239728568,0.235039925,0.275536685,0.314776135,0.382141273,0.396465623,0.383735235,0.383526565,0.364799442,0.355632724,0.385642754,0.390488264,0.397296164,0.390223814,0.383245554,0.393131494,0.379075644,0.515014814,0.556784484,0.485382844,0.544471264,0.419356695,0.414748216,0.419571086,0.389851005,0.387169685,0.405608744,0.393797894,0.393862435
CAMP014,0.58249112,0.388488149,0.408425519,0.32447289,0.41554086,0.402128619,0.16398495,0.266910051,0.127436178,0.13100221,0.126850812,0.25348699,0.04912748,0.108134435,0.278837181,0.29656327,0.123944565,0,0.27292374,0.137308585,0.27541271,0.14018895,0.242173319,0.27885857,0.22835804,0.39385357,0.42603525,0.4140256,0.41595056,0.40986868,0.460705335,0.469032375,0.450495165,0.443201155,0.431893575,0.397897305,0.443527685,0.415049995,0.470334075,0.461336905,0.478186635,0.480453605,0.455825785,0.58352268,0.423397235,0.27141471,0.27043535,0.53176847,0.47526759,0.435940319,0.451161518,0.460457518,0.427696648,0.432267918,0.450467198,0.56327874,0.32324681,0.49010965,0.372574736,0.355940556,0.334298856,0.35859827,0.322520926,0.344241,0.365643946,0.431582985,0.381179737,0.38454391,0.447961576,0.404569525,0.44651433,0.3853799,0.426275465,0.390201811,0.429360135,0.3892701,0.403624547,0.404666067,0.401658699,0.40819979,0.39593452,0.269017176,0.249258112,0.23475322,0.25272531,0.247945303,0.25559013,0.275623515,0.255169682,0.259222735,0.28237449,0.265889913,0.26625929,0.28292479,0.27722909,0.259833292,0.28168988,0.250158628,0.269030123,0.26434148,0.30483824,0.34407769,0.411442828,0.425767178,0.41303679,0.41282812,0.394100997,0.384934279,0.414944309,0.419789819,0.426597719,0.419525369,0.412547109,0.422433049,0.408377199,0.544316369,0.586086039,0.514684399,0.573772819,0.44865825,0.444049771,0.448872641,0.41915256,0.41647124,0.434910299,0.423099449,0.42316399
CAMP016,0.54490506,0.350902089,0.370839459,0.28688683,0.3779548,0.364542559,0.19744269,0.159040751,0.247113798,0.25067983,0.246528432,0.14561769,0.25822828,0.227812055,0.170967881,0.11897855,0.243622185,0.27292374,0,0.256986205,0.09782799,0.25986657,0.134304019,0.14712907,0.12048874,0.35626751,0.38844919,0.37643954,0.3783645,0.37228262,0.423119275,0.431446315,0.412909105,0.405615095,0.394307515,0.360311245,0.405941625,0.377463935,0.432748015,0.423750845,0.440600575,0.442867545,0.418239725,0.54593662,0.385811175,0.13968521,0.13870585,0.49418241,0.43768153,0.398354259,0.413575458,0.422871458,0.390110588,0.394681858,0.412881138,0.52569268,0.28566075,0.45252359,0.334988676,0.318354496,0.296712796,0.32101221,0.284934866,0.30665494,0.328057886,0.393996925,0.343593677,0.34695785,0.410375516,0.366983465,0.40892827,0.34779384,0.388689405,0.352615751,0.391774075,0.35168404,0.366038487,0.367080007,0.364072639,0.37061373,0.35834846,0.197332316,0.177573252,0.16306836,0.18104045,0.176260443,0.18390527,0.203938655,0.183484822,0.187537875,0.21068963,0.194205053,0.19457443,0.21123993,0.20554423,0.188148432,0.21000502,0.178473768,0.197345263,0.19265662,0.26725218,0.30649163,0.373856768,0.388181118,0.37545073,0.37524206,0.356514937,0.347348219,0.377358249,0.382203759,0.389011659,0.381939309,0.374961049,0.384846989,0.370791139,0.506730309,0.548499979,0.477098339,0.536186759,0.41107219,0.406463711,0.411286581,0.3815665,0.37888518,0.397324239,0.385513389,0.38557793
CAMP017,0.566553585,0.372550614,0.392487984,0.308535355,0.399603325,0.386191084,0.148047415,0.250972516,0.111498643,0.115064675,0.110913277,0.237549455,0.122613125,0.07539015,0.262899646,0.280625735,0.07010408,0.137308585,0.256986205,0,0.259475175,0.124251415,0.226235784,0.262921035,0.212420505,0.377916035,0.410097715,0.398088065,0.400013025,0.393931145,0.4447678,0.45309484,0.43455763,0.42726362,0.41595604,0.38195977,0.42759015,0.39911246,0.45439654,0.44539937,0.4622491,0.46451607,0.43988825,0.567585145,0.4074597,0.255477175,0.254497815,0.515830935,0.459330055,0.420002784,0.435223983,0.444519983,0.411759113,0.416330383,0.434529663,0.547341205,0.307309275,0.474172115,0.356637201,0.340003021,0.318361321,0.342660735,0.306583391,0.328303465,0.349706411,0.41564545,0.365242202,0.368606375,0.432024041,0.38863199,0.430576795,0.369442365,0.41033793,0.374264276,0.4134226,0.373332565,0.387687012,0.388728532,0.385721164,0.392262255,0.379996985,0.253079641,0.233320577,0.218815685,0.236787775,0.232007768,0.239652595,0.25968598,0.239232147,0.2432852,0.266436955,0.249952378,0.250321755,0.266987255,0.261291555,0.243895757,0.265752345,0.234221093,0.253092588,0.248403945,0.288900705,0.328140155,0.395505293,0.409829643,0.397099255,0.396890585,0.378163462,0.368996744,0.399006774,0.403852284,0.410660184,0.403587834,0.396609574,0.406495514,0.392439664,0.528378834,0.570148504,0.498746864,0.557835284,0.432720715,0.428112236,0.432935106,0.403215025,0.400533705,0.418972764,0.407161914,0.407226455
CAMP018,0.54739403,0.353391059,0.373328429,0.2893758,0.38044377,0.367031529,0.19993166,0.161529721,0.249602768,0.2531688,0.249017402,0.14810666,0.26071725,0.230301025,0.173456851,0.09190504,0.246111155,0.27541271,0.09782799,0.259475175,0,0.26235554,0.136792989,0.14961804,0.12297771,0.35875648,0.39093816,0.37892851,0.38085347,0.37477159,0.425608245,0.433935285,0.415398075,0.408104065,0.396796485,0.362800215,0.408430595,0.379952905,0.435236985,0.426239815,0.443089545,0.445356515,0.420728695,0.54842559,0.388300145,0.14217418,0.14119482,0.49667138,0.4401705,0.400843229,0.416064428,0.425360428,0.392599558,0.397170828,0.415370108,0.52818165,0.28814972,0.45501256,0.337477646,0.320843466,0.299201766,0.32350118,0.287423836,0.30914391,0.330546856,0.396485895,0.346082647,0.34944682,0.412864486,0.369472435,0.41141724,0.35028281,0.391178375,0.355104721,0.394263045,0.35417301,0.368527457,0.369568977,0.366561609,0.3731027,0.36083743,0.199821286,0.180062222,0.16555733,0.18352942,0.178749413,0.18639424,0.206427625,0.185973792,0.190026845,0.2131786,0.196694023,0.1970634,0.2137289,0.2080332,0.190637402,0.21249399,0.180962738,0.199834233,0.19514559,0.26974115,0.3089806,0.376345738,0.390670088,0.3779397,0.37773103,0.359003907,0.349837189,0.379847219,0.384692729,0.391500629,0.384428279,0.377450019,0.387335959,0.373280109,0.509219279,0.550988949,0.479587309,0.538675729,0.41356116,0.408952681,0.413775551,0.38405547,0.38137415,0.399813209,0.388002359,0.3880669
CAMP019,0.56943395,0.375430979,0.395368349,0.31141572,0.40248369,0.389071449,0.15092778,0.253852881,0.030246908,0.0682194,0.029661542,0.24042982,0.12549349,0.095077265,0.265780011,0.2835061,0.110887395,0.14018895,0.25986657,0.124251415,0.26235554,0,0.229116149,0.2658014,0.21530087,0.3807964,0.41297808,0.40096843,0.40289339,0.39681151,0.447648165,0.455975205,0.437437995,0.430143985,0.418836405,0.384840135,0.430470515,0.401992825,0.457276905,0.448279735,0.465129465,0.467396435,0.442768615,0.57046551,0.410340065,0.25835754,0.25737818,0.5187113,0.46221042,0.422883149,0.438104348,0.447400348,0.414639478,0.419210748,0.437410028,0.55022157,0.31018964,0.47705248,0.359517566,0.342883386,0.321241686,0.3455411,0.309463756,0.33118383,0.352586776,0.418525815,0.368122567,0.37148674,0.434904406,0.391512355,0.43345716,0.37232273,0.413218295,0.377144641,0.416302965,0.37621293,0.390567377,0.391608897,0.388601529,0.39514262,0.38287735,0.255960006,0.236200942,0.22169605,0.23966814,0.234888133,0.24253296,0.262566345,0.242112512,0.246165565,0.26931732,0.252832743,0.25320212,0.26986762,0.26417192,0.246776122,0.26863271,0.237101458,0.255972953,0.25128431,0.29178107,0.33102052,0.398385658,0.412710008,0.39997962,0.39977095,0.381043827,0.371877109,0.401887139,0.406732649,0.413540549,0.406468199,0.399489939,0.409375879,0.395320029,0.531259199,0.573028869,0.501627229,0.560715649,0.43560108,0.430992601,0.435815471,0.40609539,0.40341407,0.421853129,0.410042279,0.41010682
CAMP020,0.514154639,0.320151668,0.340089038,0.256136409,0.347204379,0.333792138,0.166692269,0.030227348,0.216363377,0.219929409,0.215778011,0.032006489,0.227477859,0.197061634,0.042154478,0.157943549,0.212871764,0.242173319,0.134304019,0.226235784,0.136792989,0.229116149,0,0.140238849,0.043481839,0.325517089,0.357698769,0.345689119,0.347614079,0.341532199,0.392368854,0.400695894,0.382158684,0.374864674,0.363557094,0.329560824,0.375191204,0.346713514,0.401997594,0.393000424,0.409850154,0.412117124,0.387489304,0.515186199,0.355060754,0.132794989,0.131815629,0.463431989,0.406931109,0.367603838,0.382825037,0.392121037,0.359360167,0.363931437,0.382130717,0.494942259,0.254910329,0.421773169,0.304238255,0.287604075,0.265962375,0.290261789,0.254184445,0.275904519,0.297307465,0.363246504,0.312843256,0.316207429,0.379625095,0.336233044,0.378177849,0.317043419,0.357938984,0.32186533,0.361023654,0.320933619,0.335288066,0.336329586,0.333322218,0.339863309,0.327598039,0.166581895,0.146822831,0.132317939,0.150290029,0.145510022,0.153154849,0.173188234,0.152734401,0.156787454,0.179939209,0.163454632,0.163824009,0.180489509,0.174793809,0.157398011,0.179254599,0.147723347,0.166594842,0.161906199,0.236501759,0.275741209,0.343106347,0.357430697,0.344700309,0.344491639,0.325764516,0.316597798,0.346607828,0.351453338,0.358261238,0.351188888,0.344210628,0.354096568,0.340040718,0.475979888,0.517749558,0.446347918,0.505436338,0.380321769,0.37571329,0.38053616,0.350816079,0.348134759,0.366573818,0.354762968,0.354827509
CAMP021,0.55083989,0.356836919,0.376774289,0.29282166,0.38388963,0.370477389,0.20337752,0.164975581,0.253048628,0.25661466,0.252463262,0.15155252,0.26416311,0.233746885,0.176902711,0.1707686,0.249557015,0.27885857,0.14712907,0.262921035,0.14961804,0.2658014,0.140238849,0,0.12642357,0.36220234,0.39438402,0.38237437,0.38429933,0.37821745,0.429054105,0.437381145,0.418843935,0.411549925,0.400242345,0.366246075,0.411876455,0.383398765,0.438682845,0.429685675,0.446535405,0.448802375,0.424174555,0.55187145,0.391746005,0.10524322,0.10426386,0.50011724,0.44361636,0.404289089,0.419510288,0.428806288,0.396045418,0.400616688,0.418815968,0.53162751,0.29159558,0.45845842,0.340923506,0.324289326,0.302647626,0.32694704,0.290869696,0.31258977,0.333992716,0.399931755,0.349528507,0.35289268,0.416310346,0.372918295,0.4148631,0.35372867,0.394624235,0.358550581,0.397708905,0.35761887,0.371973317,0.373014837,0.370007469,0.37654856,0.36428329,0.203267146,0.183508082,0.16900319,0.18697528,0.182195273,0.1898401,0.209873485,0.189419652,0.193472705,0.21662446,0.200139883,0.20050926,0.21717476,0.21147906,0.194083262,0.21593985,0.184408598,0.203280093,0.19859145,0.27318701,0.31242646,0.379791598,0.394115948,0.38138556,0.38117689,0.362449767,0.353283049,0.383293079,0.388138589,0.394946489,0.387874139,0.380895879,0.390781819,0.376725969,0.512665139,0.554434809,0.483033169,0.542121589,0.41700702,0.412398541,0.417221411,0.38750133,0.38482001,0.403259069,0.391448219,0.39151276
CAMP022,0.50033936,0.306336389,0.326273759,0.24232113,0.3333891,0.319976859,0.15287699,0.068218571,0.202548098,0.20611413,0.201962732,0.05479551,0.21366258,0.183246355,0.080145701,0.14412827,0.199056485,0.22835804,0.12048874,0.212420505,0.12297771,0.21530087,0.043481839,0.12642357,0,0.31170181,0.34388349,0.33187384,0.3337988,0.32771692,0.378553575,0.386880615,0.368343405,0.361049395,0.349741815,0.315745545,0.361375925,0.332898235,0.388182315,0.379185145,0.396034875,0.398301845,0.373674025,0.50137092,0.341245475,0.11897971,0.11800035,0.44961671,0.39311583,0.353788559,0.369009758,0.378305758,0.345544888,0.350116158,0.368315438,0.48112698,0.24109505,0.40795789,0.290422976,0.273788796,0.252147096,0.27644651,0.240369166,0.26208924,0.283492186,0.349431225,0.299027977,0.30239215,0.365809816,0.322417765,0.36436257,0.30322814,0.344123705,0.308050051,0.347208375,0.30711834,0.321472787,0.322514307,0.319506939,0.32604803,0.31378276,0.152766616,0.133007552,0.11850266,0.13647475,0.131694743,0.13933957,0.159372955,0.138919122,0.142972175,0.16612393,0.149639353,0.15000873,0.16667423,0.16097853,0.143582732,0.16543932,0.133908068,0.152779563,0.14809092,0.22268648,0.26192593,0.329291068,0.343615418,0.33088503,0.33067636,0.311949237,0.302782519,0.332792549,0.337638059,0.344445959,0.337373609,0.330395349,0.340281289,0.326225439,0.462164609,0.503934279,0.432532639,0.491621059,0.36650649,0.361898011,0.366720881,0.3370008,0.33431948,0.352758539,0.340947689,0.34101223
CARD001,0.46013759,0.266134619,0.286071989,0.31894464,0.25009011,0.279775089,0.31837252,0.350253821,0.368043628,0.37160966,0.367458262,0.33683076,0.37915811,0.348741885,0.362180951,0.37990704,0.364552015,0.39385357,0.35626751,0.377916035,0.35875648,0.3807964,0.325517089,0.36220234,0.31170181,0,0.18460468,0.17259503,0.29359703,0.28751515,0.271624405,0.279951445,0.261414235,0.254120225,0.242812645,0.208816375,0.254446755,0.225969065,0.281253145,0.272255975,0.289105705,0.291372675,0.266744855,0.46116915,0.234316305,0.35475848,0.35377912,0.40941494,0.35291406,0.313586789,0.244100988,0.253396988,0.220636118,0.225207388,0.243406668,0.44092521,0.34293236,0.36775612,0.367046486,0.350412306,0.328770606,0.35307002,0.316992676,0.33871275,0.360115696,0.224522455,0.174119207,0.17748338,0.240901046,0.197508995,0.2394538,0.17831937,0.219214935,0.183141281,0.222299605,0.18220957,0.281271017,0.282312537,0.279305169,0.21911886,0.20685359,0.352360946,0.332601882,0.31809699,0.33606908,0.331289073,0.3389339,0.358967285,0.338513452,0.342566505,0.36571826,0.349233683,0.34960306,0.36626856,0.36057286,0.343177062,0.36503365,0.333502398,0.352373893,0.34768525,0.29930999,0.25635668,0.204382298,0.218706648,0.24758604,0.24737737,0.228650247,0.262580749,0.292590779,0.297436289,0.304244189,0.297171839,0.290193579,0.300079519,0.286023669,0.421962839,0.463732509,0.392330869,0.451419289,0.20722768,0.202619201,0.207442071,0.17772199,0.17504067,0.312556769,0.300745919,0.23408306
